Attempting to load weights...
Loading weights from /home/dev/SudokuML/weights/epoch_1.pt
Epoch # 0
Board: tf.Tensor(
[[0 6 4 0 7 1 2 5 9]
 [3 2 5 0 0 9 7 6 1]
 [9 7 1 2 6 0 8 4 0]
 [4 3 6 1 9 2 0 8 7]
 [1 0 8 6 5 7 4 0 2]
 [2 5 7 0 8 3 9 0 6]
 [6 8 9 7 3 4 1 2 0]
 [0 0 3 0 2 8 6 9 4]
 [5 4 2 9 1 6 3 7 0]], shape=(9, 9), dtype=int32)

Puzzle # 1
State:
[[0 6 4 0 7 1 2 5 9]
 [3 2 5 0 0 9 7 6 1]
 [9 7 1 2 6 0 8 4 0]
 [4 3 6 1 9 2 0 8 7]
 [1 0 8 6 5 7 4 0 2]
 [2 5 7 0 8 3 9 0 6]
 [6 8 9 7 3 4 1 2 0]
 [0 0 3 0 2 8 6 9 4]
 [5 4 2 9 1 6 3 7 0]]
Valid actions: [(0, 0, 8), (0, 3, 3), (0, 3, 8), (1, 3, 4), (1, 3, 8), (1, 4, 4), (2, 5, 5), (2, 8, 3), (3, 6, 5), (4, 1, 9), (4, 7, 3), (5, 3, 4), (5, 7, 1), (6, 8, 5), (7, 0, 7), (7, 1, 1), (7, 3, 5), (8, 8, 8)]
All available actions: [(0, 0, 1), (0, 0, 2), (0, 0, 3), (0, 0, 4), (0, 0, 5), (0, 0, 6), (0, 0, 7), (0, 0, 8), (0, 0, 9), (0, 3, 1), (0, 3, 2), (0, 3, 3), (0, 3, 4), (0, 3, 5), (0, 3, 6), (0, 3, 7), (0, 3, 8), (0, 3, 9), (1, 3, 1), (1, 3, 2), (1, 3, 3), (1, 3, 4), (1, 3, 5), (1, 3, 6), (1, 3, 7), (1, 3, 8), (1, 3, 9), (1, 4, 1), (1, 4, 2), (1, 4, 3), (1, 4, 4), (1, 4, 5), (1, 4, 6), (1, 4, 7), (1, 4, 8), (1, 4, 9), (2, 5, 1), (2, 5, 2), (2, 5, 3), (2, 5, 4), (2, 5, 5), (2, 5, 6), (2, 5, 7), (2, 5, 8), (2, 5, 9), (2, 8, 1), (2, 8, 2), (2, 8, 3), (2, 8, 4), (2, 8, 5), (2, 8, 6), (2, 8, 7), (2, 8, 8), (2, 8, 9), (3, 6, 1), (3, 6, 2), (3, 6, 3), (3, 6, 4), (3, 6, 5), (3, 6, 6), (3, 6, 7), (3, 6, 8), (3, 6, 9), (4, 1, 1), (4, 1, 2), (4, 1, 3), (4, 1, 4), (4, 1, 5), (4, 1, 6), (4, 1, 7), (4, 1, 8), (4, 1, 9), (4, 7, 1), (4, 7, 2), (4, 7, 3), (4, 7, 4), (4, 7, 5), (4, 7, 6), (4, 7, 7), (4, 7, 8), (4, 7, 9), (5, 3, 1), (5, 3, 2), (5, 3, 3), (5, 3, 4), (5, 3, 5), (5, 3, 6), (5, 3, 7), (5, 3, 8), (5, 3, 9), (5, 7, 1), (5, 7, 2), (5, 7, 3), (5, 7, 4), (5, 7, 5), (5, 7, 6), (5, 7, 7), (5, 7, 8), (5, 7, 9), (6, 8, 1), (6, 8, 2), (6, 8, 3), (6, 8, 4), (6, 8, 5), (6, 8, 6), (6, 8, 7), (6, 8, 8), (6, 8, 9), (7, 0, 1), (7, 0, 2), (7, 0, 3), (7, 0, 4), (7, 0, 5), (7, 0, 6), (7, 0, 7), (7, 0, 8), (7, 0, 9), (7, 1, 1), (7, 1, 2), (7, 1, 3), (7, 1, 4), (7, 1, 5), (7, 1, 6), (7, 1, 7), (7, 1, 8), (7, 1, 9), (7, 3, 1), (7, 3, 2), (7, 3, 3), (7, 3, 4), (7, 3, 5), (7, 3, 6), (7, 3, 7), (7, 3, 8), (7, 3, 9), (8, 8, 1), (8, 8, 2), (8, 8, 3), (8, 8, 4), (8, 8, 5), (8, 8, 6), (8, 8, 7), (8, 8, 8), (8, 8, 9)]
Choosing to exploit
Valid move determined.
row_col_box_bonus: 5
Done: False
Running total step #0
Puzzle step # 0
Chosen action: (8, 8, 8)
Reward: 15
Episode reward: 15

Exploration rate (epsilon): 0.5

State:
[[0 6 4 0 7 1 2 5 9]
 [3 2 5 0 0 9 7 6 1]
 [9 7 1 2 6 0 8 4 0]
 [4 3 6 1 9 2 0 8 7]
 [1 0 8 6 5 7 4 0 2]
 [2 5 7 0 8 3 9 0 6]
 [6 8 9 7 3 4 1 2 0]
 [0 0 3 0 2 8 6 9 4]
 [5 4 2 9 1 6 3 7 8]]
Valid actions: [(0, 0, 8), (0, 3, 3), (0, 3, 8), (1, 3, 4), (1, 3, 8), (1, 4, 4), (2, 5, 5), (2, 8, 3), (3, 6, 5), (4, 1, 9), (4, 7, 3), (5, 3, 4), (5, 7, 1), (6, 8, 5), (7, 0, 7), (7, 1, 1), (7, 3, 5)]
All available actions: [(0, 0, 1), (0, 0, 2), (0, 0, 3), (0, 0, 4), (0, 0, 5), (0, 0, 6), (0, 0, 7), (0, 0, 8), (0, 0, 9), (0, 3, 1), (0, 3, 2), (0, 3, 3), (0, 3, 4), (0, 3, 5), (0, 3, 6), (0, 3, 7), (0, 3, 8), (0, 3, 9), (1, 3, 1), (1, 3, 2), (1, 3, 3), (1, 3, 4), (1, 3, 5), (1, 3, 6), (1, 3, 7), (1, 3, 8), (1, 3, 9), (1, 4, 1), (1, 4, 2), (1, 4, 3), (1, 4, 4), (1, 4, 5), (1, 4, 6), (1, 4, 7), (1, 4, 8), (1, 4, 9), (2, 5, 1), (2, 5, 2), (2, 5, 3), (2, 5, 4), (2, 5, 5), (2, 5, 6), (2, 5, 7), (2, 5, 8), (2, 5, 9), (2, 8, 1), (2, 8, 2), (2, 8, 3), (2, 8, 4), (2, 8, 5), (2, 8, 6), (2, 8, 7), (2, 8, 8), (2, 8, 9), (3, 6, 1), (3, 6, 2), (3, 6, 3), (3, 6, 4), (3, 6, 5), (3, 6, 6), (3, 6, 7), (3, 6, 8), (3, 6, 9), (4, 1, 1), (4, 1, 2), (4, 1, 3), (4, 1, 4), (4, 1, 5), (4, 1, 6), (4, 1, 7), (4, 1, 8), (4, 1, 9), (4, 7, 1), (4, 7, 2), (4, 7, 3), (4, 7, 4), (4, 7, 5), (4, 7, 6), (4, 7, 7), (4, 7, 8), (4, 7, 9), (5, 3, 1), (5, 3, 2), (5, 3, 3), (5, 3, 4), (5, 3, 5), (5, 3, 6), (5, 3, 7), (5, 3, 8), (5, 3, 9), (5, 7, 1), (5, 7, 2), (5, 7, 3), (5, 7, 4), (5, 7, 5), (5, 7, 6), (5, 7, 7), (5, 7, 8), (5, 7, 9), (6, 8, 1), (6, 8, 2), (6, 8, 3), (6, 8, 4), (6, 8, 5), (6, 8, 6), (6, 8, 7), (6, 8, 8), (6, 8, 9), (7, 0, 1), (7, 0, 2), (7, 0, 3), (7, 0, 4), (7, 0, 5), (7, 0, 6), (7, 0, 7), (7, 0, 8), (7, 0, 9), (7, 1, 1), (7, 1, 2), (7, 1, 3), (7, 1, 4), (7, 1, 5), (7, 1, 6), (7, 1, 7), (7, 1, 8), (7, 1, 9), (7, 3, 1), (7, 3, 2), (7, 3, 3), (7, 3, 4), (7, 3, 5), (7, 3, 6), (7, 3, 7), (7, 3, 8), (7, 3, 9)]
Choosing to exploit
Valid move determined.
Done: False
Running total step #1
Puzzle step # 1
Chosen action: (0, 3, 8)
Reward: 10
Episode reward: 25

Exploration rate (epsilon): 0.5

State:
[[0 6 4 8 7 1 2 5 9]
 [3 2 5 0 0 9 7 6 1]
 [9 7 1 2 6 0 8 4 0]
 [4 3 6 1 9 2 0 8 7]
 [1 0 8 6 5 7 4 0 2]
 [2 5 7 0 8 3 9 0 6]
 [6 8 9 7 3 4 1 2 0]
 [0 0 3 0 2 8 6 9 4]
 [5 4 2 9 1 6 3 7 8]]
Valid actions: [(1, 3, 4), (1, 4, 4), (2, 5, 5), (2, 8, 3), (3, 6, 5), (4, 1, 9), (4, 7, 3), (5, 3, 4), (5, 7, 1), (6, 8, 5), (7, 0, 7), (7, 1, 1), (7, 3, 5)]
All available actions: [(0, 0, 1), (0, 0, 2), (0, 0, 3), (0, 0, 4), (0, 0, 5), (0, 0, 6), (0, 0, 7), (0, 0, 8), (0, 0, 9), (1, 3, 1), (1, 3, 2), (1, 3, 3), (1, 3, 4), (1, 3, 5), (1, 3, 6), (1, 3, 7), (1, 3, 8), (1, 3, 9), (1, 4, 1), (1, 4, 2), (1, 4, 3), (1, 4, 4), (1, 4, 5), (1, 4, 6), (1, 4, 7), (1, 4, 8), (1, 4, 9), (2, 5, 1), (2, 5, 2), (2, 5, 3), (2, 5, 4), (2, 5, 5), (2, 5, 6), (2, 5, 7), (2, 5, 8), (2, 5, 9), (2, 8, 1), (2, 8, 2), (2, 8, 3), (2, 8, 4), (2, 8, 5), (2, 8, 6), (2, 8, 7), (2, 8, 8), (2, 8, 9), (3, 6, 1), (3, 6, 2), (3, 6, 3), (3, 6, 4), (3, 6, 5), (3, 6, 6), (3, 6, 7), (3, 6, 8), (3, 6, 9), (4, 1, 1), (4, 1, 2), (4, 1, 3), (4, 1, 4), (4, 1, 5), (4, 1, 6), (4, 1, 7), (4, 1, 8), (4, 1, 9), (4, 7, 1), (4, 7, 2), (4, 7, 3), (4, 7, 4), (4, 7, 5), (4, 7, 6), (4, 7, 7), (4, 7, 8), (4, 7, 9), (5, 3, 1), (5, 3, 2), (5, 3, 3), (5, 3, 4), (5, 3, 5), (5, 3, 6), (5, 3, 7), (5, 3, 8), (5, 3, 9), (5, 7, 1), (5, 7, 2), (5, 7, 3), (5, 7, 4), (5, 7, 5), (5, 7, 6), (5, 7, 7), (5, 7, 8), (5, 7, 9), (6, 8, 1), (6, 8, 2), (6, 8, 3), (6, 8, 4), (6, 8, 5), (6, 8, 6), (6, 8, 7), (6, 8, 8), (6, 8, 9), (7, 0, 1), (7, 0, 2), (7, 0, 3), (7, 0, 4), (7, 0, 5), (7, 0, 6), (7, 0, 7), (7, 0, 8), (7, 0, 9), (7, 1, 1), (7, 1, 2), (7, 1, 3), (7, 1, 4), (7, 1, 5), (7, 1, 6), (7, 1, 7), (7, 1, 8), (7, 1, 9), (7, 3, 1), (7, 3, 2), (7, 3, 3), (7, 3, 4), (7, 3, 5), (7, 3, 6), (7, 3, 7), (7, 3, 8), (7, 3, 9)]
Done: False
Running total step #2
Puzzle step # 2
Chosen action: (3, 6, 9)
Reward: -5
Episode reward: 20

Exploration rate (epsilon): 0.5

State:
[[0 6 4 8 7 1 2 5 9]
 [3 2 5 0 0 9 7 6 1]
 [9 7 1 2 6 0 8 4 0]
 [4 3 6 1 9 2 0 8 7]
 [1 0 8 6 5 7 4 0 2]
 [2 5 7 0 8 3 9 0 6]
 [6 8 9 7 3 4 1 2 0]
 [0 0 3 0 2 8 6 9 4]
 [5 4 2 9 1 6 3 7 8]]
Valid actions: [(1, 3, 4), (1, 4, 4), (2, 5, 5), (2, 8, 3), (3, 6, 5), (4, 1, 9), (4, 7, 3), (5, 3, 4), (5, 7, 1), (6, 8, 5), (7, 0, 7), (7, 1, 1), (7, 3, 5)]
All available actions: [(0, 0, 1), (0, 0, 2), (0, 0, 3), (0, 0, 4), (0, 0, 5), (0, 0, 6), (0, 0, 7), (0, 0, 8), (0, 0, 9), (1, 3, 1), (1, 3, 2), (1, 3, 3), (1, 3, 4), (1, 3, 5), (1, 3, 6), (1, 3, 7), (1, 3, 8), (1, 3, 9), (1, 4, 1), (1, 4, 2), (1, 4, 3), (1, 4, 4), (1, 4, 5), (1, 4, 6), (1, 4, 7), (1, 4, 8), (1, 4, 9), (2, 5, 1), (2, 5, 2), (2, 5, 3), (2, 5, 4), (2, 5, 5), (2, 5, 6), (2, 5, 7), (2, 5, 8), (2, 5, 9), (2, 8, 1), (2, 8, 2), (2, 8, 3), (2, 8, 4), (2, 8, 5), (2, 8, 6), (2, 8, 7), (2, 8, 8), (2, 8, 9), (3, 6, 1), (3, 6, 2), (3, 6, 3), (3, 6, 4), (3, 6, 5), (3, 6, 6), (3, 6, 7), (3, 6, 8), (3, 6, 9), (4, 1, 1), (4, 1, 2), (4, 1, 3), (4, 1, 4), (4, 1, 5), (4, 1, 6), (4, 1, 7), (4, 1, 8), (4, 1, 9), (4, 7, 1), (4, 7, 2), (4, 7, 3), (4, 7, 4), (4, 7, 5), (4, 7, 6), (4, 7, 7), (4, 7, 8), (4, 7, 9), (5, 3, 1), (5, 3, 2), (5, 3, 3), (5, 3, 4), (5, 3, 5), (5, 3, 6), (5, 3, 7), (5, 3, 8), (5, 3, 9), (5, 7, 1), (5, 7, 2), (5, 7, 3), (5, 7, 4), (5, 7, 5), (5, 7, 6), (5, 7, 7), (5, 7, 8), (5, 7, 9), (6, 8, 1), (6, 8, 2), (6, 8, 3), (6, 8, 4), (6, 8, 5), (6, 8, 6), (6, 8, 7), (6, 8, 8), (6, 8, 9), (7, 0, 1), (7, 0, 2), (7, 0, 3), (7, 0, 4), (7, 0, 5), (7, 0, 6), (7, 0, 7), (7, 0, 8), (7, 0, 9), (7, 1, 1), (7, 1, 2), (7, 1, 3), (7, 1, 4), (7, 1, 5), (7, 1, 6), (7, 1, 7), (7, 1, 8), (7, 1, 9), (7, 3, 1), (7, 3, 2), (7, 3, 3), (7, 3, 4), (7, 3, 5), (7, 3, 6), (7, 3, 7), (7, 3, 8), (7, 3, 9)]
Done: False
Running total step #3
Puzzle step # 3
Chosen action: (4, 7, 9)
Reward: -5
Episode reward: 15

Exploration rate (epsilon): 0.5

State:
[[0 6 4 8 7 1 2 5 9]
 [3 2 5 0 0 9 7 6 1]
 [9 7 1 2 6 0 8 4 0]
 [4 3 6 1 9 2 0 8 7]
 [1 0 8 6 5 7 4 0 2]
 [2 5 7 0 8 3 9 0 6]
 [6 8 9 7 3 4 1 2 0]
 [0 0 3 0 2 8 6 9 4]
 [5 4 2 9 1 6 3 7 8]]
Valid actions: [(1, 3, 4), (1, 4, 4), (2, 5, 5), (2, 8, 3), (3, 6, 5), (4, 1, 9), (4, 7, 3), (5, 3, 4), (5, 7, 1), (6, 8, 5), (7, 0, 7), (7, 1, 1), (7, 3, 5)]
All available actions: [(0, 0, 1), (0, 0, 2), (0, 0, 3), (0, 0, 4), (0, 0, 5), (0, 0, 6), (0, 0, 7), (0, 0, 8), (0, 0, 9), (1, 3, 1), (1, 3, 2), (1, 3, 3), (1, 3, 4), (1, 3, 5), (1, 3, 6), (1, 3, 7), (1, 3, 8), (1, 3, 9), (1, 4, 1), (1, 4, 2), (1, 4, 3), (1, 4, 4), (1, 4, 5), (1, 4, 6), (1, 4, 7), (1, 4, 8), (1, 4, 9), (2, 5, 1), (2, 5, 2), (2, 5, 3), (2, 5, 4), (2, 5, 5), (2, 5, 6), (2, 5, 7), (2, 5, 8), (2, 5, 9), (2, 8, 1), (2, 8, 2), (2, 8, 3), (2, 8, 4), (2, 8, 5), (2, 8, 6), (2, 8, 7), (2, 8, 8), (2, 8, 9), (3, 6, 1), (3, 6, 2), (3, 6, 3), (3, 6, 4), (3, 6, 5), (3, 6, 6), (3, 6, 7), (3, 6, 8), (3, 6, 9), (4, 1, 1), (4, 1, 2), (4, 1, 3), (4, 1, 4), (4, 1, 5), (4, 1, 6), (4, 1, 7), (4, 1, 8), (4, 1, 9), (4, 7, 1), (4, 7, 2), (4, 7, 3), (4, 7, 4), (4, 7, 5), (4, 7, 6), (4, 7, 7), (4, 7, 8), (4, 7, 9), (5, 3, 1), (5, 3, 2), (5, 3, 3), (5, 3, 4), (5, 3, 5), (5, 3, 6), (5, 3, 7), (5, 3, 8), (5, 3, 9), (5, 7, 1), (5, 7, 2), (5, 7, 3), (5, 7, 4), (5, 7, 5), (5, 7, 6), (5, 7, 7), (5, 7, 8), (5, 7, 9), (6, 8, 1), (6, 8, 2), (6, 8, 3), (6, 8, 4), (6, 8, 5), (6, 8, 6), (6, 8, 7), (6, 8, 8), (6, 8, 9), (7, 0, 1), (7, 0, 2), (7, 0, 3), (7, 0, 4), (7, 0, 5), (7, 0, 6), (7, 0, 7), (7, 0, 8), (7, 0, 9), (7, 1, 1), (7, 1, 2), (7, 1, 3), (7, 1, 4), (7, 1, 5), (7, 1, 6), (7, 1, 7), (7, 1, 8), (7, 1, 9), (7, 3, 1), (7, 3, 2), (7, 3, 3), (7, 3, 4), (7, 3, 5), (7, 3, 6), (7, 3, 7), (7, 3, 8), (7, 3, 9)]
Done: False
Running total step #4
Puzzle step # 4
Chosen action: (1, 3, 2)
Reward: -5
Episode reward: 10

Exploration rate (epsilon): 0.5

State:
[[0 6 4 8 7 1 2 5 9]
 [3 2 5 0 0 9 7 6 1]
 [9 7 1 2 6 0 8 4 0]
 [4 3 6 1 9 2 0 8 7]
 [1 0 8 6 5 7 4 0 2]
 [2 5 7 0 8 3 9 0 6]
 [6 8 9 7 3 4 1 2 0]
 [0 0 3 0 2 8 6 9 4]
 [5 4 2 9 1 6 3 7 8]]
Valid actions: [(1, 3, 4), (1, 4, 4), (2, 5, 5), (2, 8, 3), (3, 6, 5), (4, 1, 9), (4, 7, 3), (5, 3, 4), (5, 7, 1), (6, 8, 5), (7, 0, 7), (7, 1, 1), (7, 3, 5)]
All available actions: [(0, 0, 1), (0, 0, 2), (0, 0, 3), (0, 0, 4), (0, 0, 5), (0, 0, 6), (0, 0, 7), (0, 0, 8), (0, 0, 9), (1, 3, 1), (1, 3, 2), (1, 3, 3), (1, 3, 4), (1, 3, 5), (1, 3, 6), (1, 3, 7), (1, 3, 8), (1, 3, 9), (1, 4, 1), (1, 4, 2), (1, 4, 3), (1, 4, 4), (1, 4, 5), (1, 4, 6), (1, 4, 7), (1, 4, 8), (1, 4, 9), (2, 5, 1), (2, 5, 2), (2, 5, 3), (2, 5, 4), (2, 5, 5), (2, 5, 6), (2, 5, 7), (2, 5, 8), (2, 5, 9), (2, 8, 1), (2, 8, 2), (2, 8, 3), (2, 8, 4), (2, 8, 5), (2, 8, 6), (2, 8, 7), (2, 8, 8), (2, 8, 9), (3, 6, 1), (3, 6, 2), (3, 6, 3), (3, 6, 4), (3, 6, 5), (3, 6, 6), (3, 6, 7), (3, 6, 8), (3, 6, 9), (4, 1, 1), (4, 1, 2), (4, 1, 3), (4, 1, 4), (4, 1, 5), (4, 1, 6), (4, 1, 7), (4, 1, 8), (4, 1, 9), (4, 7, 1), (4, 7, 2), (4, 7, 3), (4, 7, 4), (4, 7, 5), (4, 7, 6), (4, 7, 7), (4, 7, 8), (4, 7, 9), (5, 3, 1), (5, 3, 2), (5, 3, 3), (5, 3, 4), (5, 3, 5), (5, 3, 6), (5, 3, 7), (5, 3, 8), (5, 3, 9), (5, 7, 1), (5, 7, 2), (5, 7, 3), (5, 7, 4), (5, 7, 5), (5, 7, 6), (5, 7, 7), (5, 7, 8), (5, 7, 9), (6, 8, 1), (6, 8, 2), (6, 8, 3), (6, 8, 4), (6, 8, 5), (6, 8, 6), (6, 8, 7), (6, 8, 8), (6, 8, 9), (7, 0, 1), (7, 0, 2), (7, 0, 3), (7, 0, 4), (7, 0, 5), (7, 0, 6), (7, 0, 7), (7, 0, 8), (7, 0, 9), (7, 1, 1), (7, 1, 2), (7, 1, 3), (7, 1, 4), (7, 1, 5), (7, 1, 6), (7, 1, 7), (7, 1, 8), (7, 1, 9), (7, 3, 1), (7, 3, 2), (7, 3, 3), (7, 3, 4), (7, 3, 5), (7, 3, 6), (7, 3, 7), (7, 3, 8), (7, 3, 9)]
Valid move determined.
row_col_box_bonus: 5
Done: False
Running total step #5
Puzzle step # 5
Chosen action: (5, 3, 4)
Reward: 15
Episode reward: 25

Exploration rate (epsilon): 0.4975000023841858

State:
[[0 6 4 8 7 1 2 5 9]
 [3 2 5 0 0 9 7 6 1]
 [9 7 1 2 6 0 8 4 0]
 [4 3 6 1 9 2 0 8 7]
 [1 0 8 6 5 7 4 0 2]
 [2 5 7 4 8 3 9 0 6]
 [6 8 9 7 3 4 1 2 0]
 [0 0 3 0 2 8 6 9 4]
 [5 4 2 9 1 6 3 7 8]]
Valid actions: [(1, 4, 4), (2, 5, 5), (2, 8, 3), (3, 6, 5), (4, 1, 9), (4, 7, 3), (5, 7, 1), (6, 8, 5), (7, 0, 7), (7, 1, 1), (7, 3, 5)]
All available actions: [(0, 0, 1), (0, 0, 2), (0, 0, 3), (0, 0, 4), (0, 0, 5), (0, 0, 6), (0, 0, 7), (0, 0, 8), (0, 0, 9), (1, 3, 1), (1, 3, 2), (1, 3, 3), (1, 3, 4), (1, 3, 5), (1, 3, 6), (1, 3, 7), (1, 3, 8), (1, 3, 9), (1, 4, 1), (1, 4, 2), (1, 4, 3), (1, 4, 4), (1, 4, 5), (1, 4, 6), (1, 4, 7), (1, 4, 8), (1, 4, 9), (2, 5, 1), (2, 5, 2), (2, 5, 3), (2, 5, 4), (2, 5, 5), (2, 5, 6), (2, 5, 7), (2, 5, 8), (2, 5, 9), (2, 8, 1), (2, 8, 2), (2, 8, 3), (2, 8, 4), (2, 8, 5), (2, 8, 6), (2, 8, 7), (2, 8, 8), (2, 8, 9), (3, 6, 1), (3, 6, 2), (3, 6, 3), (3, 6, 4), (3, 6, 5), (3, 6, 6), (3, 6, 7), (3, 6, 8), (3, 6, 9), (4, 1, 1), (4, 1, 2), (4, 1, 3), (4, 1, 4), (4, 1, 5), (4, 1, 6), (4, 1, 7), (4, 1, 8), (4, 1, 9), (4, 7, 1), (4, 7, 2), (4, 7, 3), (4, 7, 4), (4, 7, 5), (4, 7, 6), (4, 7, 7), (4, 7, 8), (4, 7, 9), (5, 7, 1), (5, 7, 2), (5, 7, 3), (5, 7, 4), (5, 7, 5), (5, 7, 6), (5, 7, 7), (5, 7, 8), (5, 7, 9), (6, 8, 1), (6, 8, 2), (6, 8, 3), (6, 8, 4), (6, 8, 5), (6, 8, 6), (6, 8, 7), (6, 8, 8), (6, 8, 9), (7, 0, 1), (7, 0, 2), (7, 0, 3), (7, 0, 4), (7, 0, 5), (7, 0, 6), (7, 0, 7), (7, 0, 8), (7, 0, 9), (7, 1, 1), (7, 1, 2), (7, 1, 3), (7, 1, 4), (7, 1, 5), (7, 1, 6), (7, 1, 7), (7, 1, 8), (7, 1, 9), (7, 3, 1), (7, 3, 2), (7, 3, 3), (7, 3, 4), (7, 3, 5), (7, 3, 6), (7, 3, 7), (7, 3, 8), (7, 3, 9)]
Choosing to exploit
Valid move determined.
row_col_box_bonus: 5
Done: False
Running total step #6
Puzzle step # 6
Chosen action: (5, 7, 1)
Reward: 15
Episode reward: 40

Exploration rate (epsilon): 0.4975000023841858

State:
[[0 6 4 8 7 1 2 5 9]
 [3 2 5 0 0 9 7 6 1]
 [9 7 1 2 6 0 8 4 0]
 [4 3 6 1 9 2 0 8 7]
 [1 0 8 6 5 7 4 0 2]
 [2 5 7 4 8 3 9 1 6]
 [6 8 9 7 3 4 1 2 0]
 [0 0 3 0 2 8 6 9 4]
 [5 4 2 9 1 6 3 7 8]]
Valid actions: [(1, 4, 4), (2, 5, 5), (2, 8, 3), (3, 6, 5), (4, 1, 9), (4, 7, 3), (6, 8, 5), (7, 0, 7), (7, 1, 1), (7, 3, 5)]
All available actions: [(0, 0, 1), (0, 0, 2), (0, 0, 3), (0, 0, 4), (0, 0, 5), (0, 0, 6), (0, 0, 7), (0, 0, 8), (0, 0, 9), (1, 3, 1), (1, 3, 2), (1, 3, 3), (1, 3, 4), (1, 3, 5), (1, 3, 6), (1, 3, 7), (1, 3, 8), (1, 3, 9), (1, 4, 1), (1, 4, 2), (1, 4, 3), (1, 4, 4), (1, 4, 5), (1, 4, 6), (1, 4, 7), (1, 4, 8), (1, 4, 9), (2, 5, 1), (2, 5, 2), (2, 5, 3), (2, 5, 4), (2, 5, 5), (2, 5, 6), (2, 5, 7), (2, 5, 8), (2, 5, 9), (2, 8, 1), (2, 8, 2), (2, 8, 3), (2, 8, 4), (2, 8, 5), (2, 8, 6), (2, 8, 7), (2, 8, 8), (2, 8, 9), (3, 6, 1), (3, 6, 2), (3, 6, 3), (3, 6, 4), (3, 6, 5), (3, 6, 6), (3, 6, 7), (3, 6, 8), (3, 6, 9), (4, 1, 1), (4, 1, 2), (4, 1, 3), (4, 1, 4), (4, 1, 5), (4, 1, 6), (4, 1, 7), (4, 1, 8), (4, 1, 9), (4, 7, 1), (4, 7, 2), (4, 7, 3), (4, 7, 4), (4, 7, 5), (4, 7, 6), (4, 7, 7), (4, 7, 8), (4, 7, 9), (6, 8, 1), (6, 8, 2), (6, 8, 3), (6, 8, 4), (6, 8, 5), (6, 8, 6), (6, 8, 7), (6, 8, 8), (6, 8, 9), (7, 0, 1), (7, 0, 2), (7, 0, 3), (7, 0, 4), (7, 0, 5), (7, 0, 6), (7, 0, 7), (7, 0, 8), (7, 0, 9), (7, 1, 1), (7, 1, 2), (7, 1, 3), (7, 1, 4), (7, 1, 5), (7, 1, 6), (7, 1, 7), (7, 1, 8), (7, 1, 9), (7, 3, 1), (7, 3, 2), (7, 3, 3), (7, 3, 4), (7, 3, 5), (7, 3, 6), (7, 3, 7), (7, 3, 8), (7, 3, 9)]
Done: False
Running total step #7
Puzzle step # 7
Chosen action: (3, 6, 6)
Reward: -5
Episode reward: 35

Exploration rate (epsilon): 0.4975000023841858

State:
[[0 6 4 8 7 1 2 5 9]
 [3 2 5 0 0 9 7 6 1]
 [9 7 1 2 6 0 8 4 0]
 [4 3 6 1 9 2 0 8 7]
 [1 0 8 6 5 7 4 0 2]
 [2 5 7 4 8 3 9 1 6]
 [6 8 9 7 3 4 1 2 0]
 [0 0 3 0 2 8 6 9 4]
 [5 4 2 9 1 6 3 7 8]]
Valid actions: [(1, 4, 4), (2, 5, 5), (2, 8, 3), (3, 6, 5), (4, 1, 9), (4, 7, 3), (6, 8, 5), (7, 0, 7), (7, 1, 1), (7, 3, 5)]
All available actions: [(0, 0, 1), (0, 0, 2), (0, 0, 3), (0, 0, 4), (0, 0, 5), (0, 0, 6), (0, 0, 7), (0, 0, 8), (0, 0, 9), (1, 3, 1), (1, 3, 2), (1, 3, 3), (1, 3, 4), (1, 3, 5), (1, 3, 6), (1, 3, 7), (1, 3, 8), (1, 3, 9), (1, 4, 1), (1, 4, 2), (1, 4, 3), (1, 4, 4), (1, 4, 5), (1, 4, 6), (1, 4, 7), (1, 4, 8), (1, 4, 9), (2, 5, 1), (2, 5, 2), (2, 5, 3), (2, 5, 4), (2, 5, 5), (2, 5, 6), (2, 5, 7), (2, 5, 8), (2, 5, 9), (2, 8, 1), (2, 8, 2), (2, 8, 3), (2, 8, 4), (2, 8, 5), (2, 8, 6), (2, 8, 7), (2, 8, 8), (2, 8, 9), (3, 6, 1), (3, 6, 2), (3, 6, 3), (3, 6, 4), (3, 6, 5), (3, 6, 6), (3, 6, 7), (3, 6, 8), (3, 6, 9), (4, 1, 1), (4, 1, 2), (4, 1, 3), (4, 1, 4), (4, 1, 5), (4, 1, 6), (4, 1, 7), (4, 1, 8), (4, 1, 9), (4, 7, 1), (4, 7, 2), (4, 7, 3), (4, 7, 4), (4, 7, 5), (4, 7, 6), (4, 7, 7), (4, 7, 8), (4, 7, 9), (6, 8, 1), (6, 8, 2), (6, 8, 3), (6, 8, 4), (6, 8, 5), (6, 8, 6), (6, 8, 7), (6, 8, 8), (6, 8, 9), (7, 0, 1), (7, 0, 2), (7, 0, 3), (7, 0, 4), (7, 0, 5), (7, 0, 6), (7, 0, 7), (7, 0, 8), (7, 0, 9), (7, 1, 1), (7, 1, 2), (7, 1, 3), (7, 1, 4), (7, 1, 5), (7, 1, 6), (7, 1, 7), (7, 1, 8), (7, 1, 9), (7, 3, 1), (7, 3, 2), (7, 3, 3), (7, 3, 4), (7, 3, 5), (7, 3, 6), (7, 3, 7), (7, 3, 8), (7, 3, 9)]
Done: False
Running total step #8
Puzzle step # 8
Chosen action: (4, 7, 7)
Reward: -5
Episode reward: 30

Exploration rate (epsilon): 0.4975000023841858

State:
[[0 6 4 8 7 1 2 5 9]
 [3 2 5 0 0 9 7 6 1]
 [9 7 1 2 6 0 8 4 0]
 [4 3 6 1 9 2 0 8 7]
 [1 0 8 6 5 7 4 0 2]
 [2 5 7 4 8 3 9 1 6]
 [6 8 9 7 3 4 1 2 0]
 [0 0 3 0 2 8 6 9 4]
 [5 4 2 9 1 6 3 7 8]]
Valid actions: [(1, 4, 4), (2, 5, 5), (2, 8, 3), (3, 6, 5), (4, 1, 9), (4, 7, 3), (6, 8, 5), (7, 0, 7), (7, 1, 1), (7, 3, 5)]
All available actions: [(0, 0, 1), (0, 0, 2), (0, 0, 3), (0, 0, 4), (0, 0, 5), (0, 0, 6), (0, 0, 7), (0, 0, 8), (0, 0, 9), (1, 3, 1), (1, 3, 2), (1, 3, 3), (1, 3, 4), (1, 3, 5), (1, 3, 6), (1, 3, 7), (1, 3, 8), (1, 3, 9), (1, 4, 1), (1, 4, 2), (1, 4, 3), (1, 4, 4), (1, 4, 5), (1, 4, 6), (1, 4, 7), (1, 4, 8), (1, 4, 9), (2, 5, 1), (2, 5, 2), (2, 5, 3), (2, 5, 4), (2, 5, 5), (2, 5, 6), (2, 5, 7), (2, 5, 8), (2, 5, 9), (2, 8, 1), (2, 8, 2), (2, 8, 3), (2, 8, 4), (2, 8, 5), (2, 8, 6), (2, 8, 7), (2, 8, 8), (2, 8, 9), (3, 6, 1), (3, 6, 2), (3, 6, 3), (3, 6, 4), (3, 6, 5), (3, 6, 6), (3, 6, 7), (3, 6, 8), (3, 6, 9), (4, 1, 1), (4, 1, 2), (4, 1, 3), (4, 1, 4), (4, 1, 5), (4, 1, 6), (4, 1, 7), (4, 1, 8), (4, 1, 9), (4, 7, 1), (4, 7, 2), (4, 7, 3), (4, 7, 4), (4, 7, 5), (4, 7, 6), (4, 7, 7), (4, 7, 8), (4, 7, 9), (6, 8, 1), (6, 8, 2), (6, 8, 3), (6, 8, 4), (6, 8, 5), (6, 8, 6), (6, 8, 7), (6, 8, 8), (6, 8, 9), (7, 0, 1), (7, 0, 2), (7, 0, 3), (7, 0, 4), (7, 0, 5), (7, 0, 6), (7, 0, 7), (7, 0, 8), (7, 0, 9), (7, 1, 1), (7, 1, 2), (7, 1, 3), (7, 1, 4), (7, 1, 5), (7, 1, 6), (7, 1, 7), (7, 1, 8), (7, 1, 9), (7, 3, 1), (7, 3, 2), (7, 3, 3), (7, 3, 4), (7, 3, 5), (7, 3, 6), (7, 3, 7), (7, 3, 8), (7, 3, 9)]
Done: False
Running total step #9
Puzzle step # 9
Chosen action: (7, 1, 7)
Reward: -5
Episode reward: 25

Exploration rate (epsilon): 0.4975000023841858

State:
[[0 6 4 8 7 1 2 5 9]
 [3 2 5 0 0 9 7 6 1]
 [9 7 1 2 6 0 8 4 0]
 [4 3 6 1 9 2 0 8 7]
 [1 0 8 6 5 7 4 0 2]
 [2 5 7 4 8 3 9 1 6]
 [6 8 9 7 3 4 1 2 0]
 [0 0 3 0 2 8 6 9 4]
 [5 4 2 9 1 6 3 7 8]]
Valid actions: [(1, 4, 4), (2, 5, 5), (2, 8, 3), (3, 6, 5), (4, 1, 9), (4, 7, 3), (6, 8, 5), (7, 0, 7), (7, 1, 1), (7, 3, 5)]
All available actions: [(0, 0, 1), (0, 0, 2), (0, 0, 3), (0, 0, 4), (0, 0, 5), (0, 0, 6), (0, 0, 7), (0, 0, 8), (0, 0, 9), (1, 3, 1), (1, 3, 2), (1, 3, 3), (1, 3, 4), (1, 3, 5), (1, 3, 6), (1, 3, 7), (1, 3, 8), (1, 3, 9), (1, 4, 1), (1, 4, 2), (1, 4, 3), (1, 4, 4), (1, 4, 5), (1, 4, 6), (1, 4, 7), (1, 4, 8), (1, 4, 9), (2, 5, 1), (2, 5, 2), (2, 5, 3), (2, 5, 4), (2, 5, 5), (2, 5, 6), (2, 5, 7), (2, 5, 8), (2, 5, 9), (2, 8, 1), (2, 8, 2), (2, 8, 3), (2, 8, 4), (2, 8, 5), (2, 8, 6), (2, 8, 7), (2, 8, 8), (2, 8, 9), (3, 6, 1), (3, 6, 2), (3, 6, 3), (3, 6, 4), (3, 6, 5), (3, 6, 6), (3, 6, 7), (3, 6, 8), (3, 6, 9), (4, 1, 1), (4, 1, 2), (4, 1, 3), (4, 1, 4), (4, 1, 5), (4, 1, 6), (4, 1, 7), (4, 1, 8), (4, 1, 9), (4, 7, 1), (4, 7, 2), (4, 7, 3), (4, 7, 4), (4, 7, 5), (4, 7, 6), (4, 7, 7), (4, 7, 8), (4, 7, 9), (6, 8, 1), (6, 8, 2), (6, 8, 3), (6, 8, 4), (6, 8, 5), (6, 8, 6), (6, 8, 7), (6, 8, 8), (6, 8, 9), (7, 0, 1), (7, 0, 2), (7, 0, 3), (7, 0, 4), (7, 0, 5), (7, 0, 6), (7, 0, 7), (7, 0, 8), (7, 0, 9), (7, 1, 1), (7, 1, 2), (7, 1, 3), (7, 1, 4), (7, 1, 5), (7, 1, 6), (7, 1, 7), (7, 1, 8), (7, 1, 9), (7, 3, 1), (7, 3, 2), (7, 3, 3), (7, 3, 4), (7, 3, 5), (7, 3, 6), (7, 3, 7), (7, 3, 8), (7, 3, 9)]
Done: False
Remembering experience:
        State: [[0 6 4 8 7 1 2 5 9]
 [3 2 5 0 0 9 7 6 1]
 [9 7 1 2 6 0 8 4 0]
 [4 3 6 1 9 2 0 8 7]
 [1 0 8 6 5 7 4 0 2]
 [2 5 7 4 8 3 9 1 6]
 [6 8 9 7 3 4 1 2 0]
 [0 0 3 0 2 8 6 9 4]
 [5 4 2 9 1 6 3 7 8]]
        Action: (0, 0, 4)
        Reward: -5
        Next state: [[0 6 4 8 7 1 2 5 9]
 [3 2 5 0 0 9 7 6 1]
 [9 7 1 2 6 0 8 4 0]
 [4 3 6 1 9 2 0 8 7]
 [1 0 8 6 5 7 4 0 2]
 [2 5 7 4 8 3 9 1 6]
 [6 8 9 7 3 4 1 2 0]
 [0 0 3 0 2 8 6 9 4]
 [5 4 2 9 1 6 3 7 8]]
        Done: False
        Memory size: 11
        
Running total step #10
Puzzle step # 10
Chosen action: (0, 0, 4)
Reward: -5
Episode reward: 20

Exploration rate (epsilon): 0.495012491941452

State:
[[0 6 4 8 7 1 2 5 9]
 [3 2 5 0 0 9 7 6 1]
 [9 7 1 2 6 0 8 4 0]
 [4 3 6 1 9 2 0 8 7]
 [1 0 8 6 5 7 4 0 2]
 [2 5 7 4 8 3 9 1 6]
 [6 8 9 7 3 4 1 2 0]
 [0 0 3 0 2 8 6 9 4]
 [5 4 2 9 1 6 3 7 8]]
Valid actions: [(1, 4, 4), (2, 5, 5), (2, 8, 3), (3, 6, 5), (4, 1, 9), (4, 7, 3), (6, 8, 5), (7, 0, 7), (7, 1, 1), (7, 3, 5)]
All available actions: [(0, 0, 1), (0, 0, 2), (0, 0, 3), (0, 0, 4), (0, 0, 5), (0, 0, 6), (0, 0, 7), (0, 0, 8), (0, 0, 9), (1, 3, 1), (1, 3, 2), (1, 3, 3), (1, 3, 4), (1, 3, 5), (1, 3, 6), (1, 3, 7), (1, 3, 8), (1, 3, 9), (1, 4, 1), (1, 4, 2), (1, 4, 3), (1, 4, 4), (1, 4, 5), (1, 4, 6), (1, 4, 7), (1, 4, 8), (1, 4, 9), (2, 5, 1), (2, 5, 2), (2, 5, 3), (2, 5, 4), (2, 5, 5), (2, 5, 6), (2, 5, 7), (2, 5, 8), (2, 5, 9), (2, 8, 1), (2, 8, 2), (2, 8, 3), (2, 8, 4), (2, 8, 5), (2, 8, 6), (2, 8, 7), (2, 8, 8), (2, 8, 9), (3, 6, 1), (3, 6, 2), (3, 6, 3), (3, 6, 4), (3, 6, 5), (3, 6, 6), (3, 6, 7), (3, 6, 8), (3, 6, 9), (4, 1, 1), (4, 1, 2), (4, 1, 3), (4, 1, 4), (4, 1, 5), (4, 1, 6), (4, 1, 7), (4, 1, 8), (4, 1, 9), (4, 7, 1), (4, 7, 2), (4, 7, 3), (4, 7, 4), (4, 7, 5), (4, 7, 6), (4, 7, 7), (4, 7, 8), (4, 7, 9), (6, 8, 1), (6, 8, 2), (6, 8, 3), (6, 8, 4), (6, 8, 5), (6, 8, 6), (6, 8, 7), (6, 8, 8), (6, 8, 9), (7, 0, 1), (7, 0, 2), (7, 0, 3), (7, 0, 4), (7, 0, 5), (7, 0, 6), (7, 0, 7), (7, 0, 8), (7, 0, 9), (7, 1, 1), (7, 1, 2), (7, 1, 3), (7, 1, 4), (7, 1, 5), (7, 1, 6), (7, 1, 7), (7, 1, 8), (7, 1, 9), (7, 3, 1), (7, 3, 2), (7, 3, 3), (7, 3, 4), (7, 3, 5), (7, 3, 6), (7, 3, 7), (7, 3, 8), (7, 3, 9)]
Done: False
Running total step #11
Puzzle step # 11
Chosen action: (3, 6, 7)
Reward: -5
Episode reward: 15

Exploration rate (epsilon): 0.495012491941452

State:
[[0 6 4 8 7 1 2 5 9]
 [3 2 5 0 0 9 7 6 1]
 [9 7 1 2 6 0 8 4 0]
 [4 3 6 1 9 2 0 8 7]
 [1 0 8 6 5 7 4 0 2]
 [2 5 7 4 8 3 9 1 6]
 [6 8 9 7 3 4 1 2 0]
 [0 0 3 0 2 8 6 9 4]
 [5 4 2 9 1 6 3 7 8]]
Valid actions: [(1, 4, 4), (2, 5, 5), (2, 8, 3), (3, 6, 5), (4, 1, 9), (4, 7, 3), (6, 8, 5), (7, 0, 7), (7, 1, 1), (7, 3, 5)]
All available actions: [(0, 0, 1), (0, 0, 2), (0, 0, 3), (0, 0, 4), (0, 0, 5), (0, 0, 6), (0, 0, 7), (0, 0, 8), (0, 0, 9), (1, 3, 1), (1, 3, 2), (1, 3, 3), (1, 3, 4), (1, 3, 5), (1, 3, 6), (1, 3, 7), (1, 3, 8), (1, 3, 9), (1, 4, 1), (1, 4, 2), (1, 4, 3), (1, 4, 4), (1, 4, 5), (1, 4, 6), (1, 4, 7), (1, 4, 8), (1, 4, 9), (2, 5, 1), (2, 5, 2), (2, 5, 3), (2, 5, 4), (2, 5, 5), (2, 5, 6), (2, 5, 7), (2, 5, 8), (2, 5, 9), (2, 8, 1), (2, 8, 2), (2, 8, 3), (2, 8, 4), (2, 8, 5), (2, 8, 6), (2, 8, 7), (2, 8, 8), (2, 8, 9), (3, 6, 1), (3, 6, 2), (3, 6, 3), (3, 6, 4), (3, 6, 5), (3, 6, 6), (3, 6, 7), (3, 6, 8), (3, 6, 9), (4, 1, 1), (4, 1, 2), (4, 1, 3), (4, 1, 4), (4, 1, 5), (4, 1, 6), (4, 1, 7), (4, 1, 8), (4, 1, 9), (4, 7, 1), (4, 7, 2), (4, 7, 3), (4, 7, 4), (4, 7, 5), (4, 7, 6), (4, 7, 7), (4, 7, 8), (4, 7, 9), (6, 8, 1), (6, 8, 2), (6, 8, 3), (6, 8, 4), (6, 8, 5), (6, 8, 6), (6, 8, 7), (6, 8, 8), (6, 8, 9), (7, 0, 1), (7, 0, 2), (7, 0, 3), (7, 0, 4), (7, 0, 5), (7, 0, 6), (7, 0, 7), (7, 0, 8), (7, 0, 9), (7, 1, 1), (7, 1, 2), (7, 1, 3), (7, 1, 4), (7, 1, 5), (7, 1, 6), (7, 1, 7), (7, 1, 8), (7, 1, 9), (7, 3, 1), (7, 3, 2), (7, 3, 3), (7, 3, 4), (7, 3, 5), (7, 3, 6), (7, 3, 7), (7, 3, 8), (7, 3, 9)]
Done: False
Running total step #12
Puzzle step # 12
Chosen action: (2, 8, 7)
Reward: -5
Episode reward: 10

Exploration rate (epsilon): 0.495012491941452

State:
[[0 6 4 8 7 1 2 5 9]
 [3 2 5 0 0 9 7 6 1]
 [9 7 1 2 6 0 8 4 0]
 [4 3 6 1 9 2 0 8 7]
 [1 0 8 6 5 7 4 0 2]
 [2 5 7 4 8 3 9 1 6]
 [6 8 9 7 3 4 1 2 0]
 [0 0 3 0 2 8 6 9 4]
 [5 4 2 9 1 6 3 7 8]]
Valid actions: [(1, 4, 4), (2, 5, 5), (2, 8, 3), (3, 6, 5), (4, 1, 9), (4, 7, 3), (6, 8, 5), (7, 0, 7), (7, 1, 1), (7, 3, 5)]
All available actions: [(0, 0, 1), (0, 0, 2), (0, 0, 3), (0, 0, 4), (0, 0, 5), (0, 0, 6), (0, 0, 7), (0, 0, 8), (0, 0, 9), (1, 3, 1), (1, 3, 2), (1, 3, 3), (1, 3, 4), (1, 3, 5), (1, 3, 6), (1, 3, 7), (1, 3, 8), (1, 3, 9), (1, 4, 1), (1, 4, 2), (1, 4, 3), (1, 4, 4), (1, 4, 5), (1, 4, 6), (1, 4, 7), (1, 4, 8), (1, 4, 9), (2, 5, 1), (2, 5, 2), (2, 5, 3), (2, 5, 4), (2, 5, 5), (2, 5, 6), (2, 5, 7), (2, 5, 8), (2, 5, 9), (2, 8, 1), (2, 8, 2), (2, 8, 3), (2, 8, 4), (2, 8, 5), (2, 8, 6), (2, 8, 7), (2, 8, 8), (2, 8, 9), (3, 6, 1), (3, 6, 2), (3, 6, 3), (3, 6, 4), (3, 6, 5), (3, 6, 6), (3, 6, 7), (3, 6, 8), (3, 6, 9), (4, 1, 1), (4, 1, 2), (4, 1, 3), (4, 1, 4), (4, 1, 5), (4, 1, 6), (4, 1, 7), (4, 1, 8), (4, 1, 9), (4, 7, 1), (4, 7, 2), (4, 7, 3), (4, 7, 4), (4, 7, 5), (4, 7, 6), (4, 7, 7), (4, 7, 8), (4, 7, 9), (6, 8, 1), (6, 8, 2), (6, 8, 3), (6, 8, 4), (6, 8, 5), (6, 8, 6), (6, 8, 7), (6, 8, 8), (6, 8, 9), (7, 0, 1), (7, 0, 2), (7, 0, 3), (7, 0, 4), (7, 0, 5), (7, 0, 6), (7, 0, 7), (7, 0, 8), (7, 0, 9), (7, 1, 1), (7, 1, 2), (7, 1, 3), (7, 1, 4), (7, 1, 5), (7, 1, 6), (7, 1, 7), (7, 1, 8), (7, 1, 9), (7, 3, 1), (7, 3, 2), (7, 3, 3), (7, 3, 4), (7, 3, 5), (7, 3, 6), (7, 3, 7), (7, 3, 8), (7, 3, 9)]
Done: False
Running total step #13
Puzzle step # 13
Chosen action: (4, 1, 1)
Reward: -5
Episode reward: 5

Exploration rate (epsilon): 0.495012491941452

State:
[[0 6 4 8 7 1 2 5 9]
 [3 2 5 0 0 9 7 6 1]
 [9 7 1 2 6 0 8 4 0]
 [4 3 6 1 9 2 0 8 7]
 [1 0 8 6 5 7 4 0 2]
 [2 5 7 4 8 3 9 1 6]
 [6 8 9 7 3 4 1 2 0]
 [0 0 3 0 2 8 6 9 4]
 [5 4 2 9 1 6 3 7 8]]
Valid actions: [(1, 4, 4), (2, 5, 5), (2, 8, 3), (3, 6, 5), (4, 1, 9), (4, 7, 3), (6, 8, 5), (7, 0, 7), (7, 1, 1), (7, 3, 5)]
All available actions: [(0, 0, 1), (0, 0, 2), (0, 0, 3), (0, 0, 4), (0, 0, 5), (0, 0, 6), (0, 0, 7), (0, 0, 8), (0, 0, 9), (1, 3, 1), (1, 3, 2), (1, 3, 3), (1, 3, 4), (1, 3, 5), (1, 3, 6), (1, 3, 7), (1, 3, 8), (1, 3, 9), (1, 4, 1), (1, 4, 2), (1, 4, 3), (1, 4, 4), (1, 4, 5), (1, 4, 6), (1, 4, 7), (1, 4, 8), (1, 4, 9), (2, 5, 1), (2, 5, 2), (2, 5, 3), (2, 5, 4), (2, 5, 5), (2, 5, 6), (2, 5, 7), (2, 5, 8), (2, 5, 9), (2, 8, 1), (2, 8, 2), (2, 8, 3), (2, 8, 4), (2, 8, 5), (2, 8, 6), (2, 8, 7), (2, 8, 8), (2, 8, 9), (3, 6, 1), (3, 6, 2), (3, 6, 3), (3, 6, 4), (3, 6, 5), (3, 6, 6), (3, 6, 7), (3, 6, 8), (3, 6, 9), (4, 1, 1), (4, 1, 2), (4, 1, 3), (4, 1, 4), (4, 1, 5), (4, 1, 6), (4, 1, 7), (4, 1, 8), (4, 1, 9), (4, 7, 1), (4, 7, 2), (4, 7, 3), (4, 7, 4), (4, 7, 5), (4, 7, 6), (4, 7, 7), (4, 7, 8), (4, 7, 9), (6, 8, 1), (6, 8, 2), (6, 8, 3), (6, 8, 4), (6, 8, 5), (6, 8, 6), (6, 8, 7), (6, 8, 8), (6, 8, 9), (7, 0, 1), (7, 0, 2), (7, 0, 3), (7, 0, 4), (7, 0, 5), (7, 0, 6), (7, 0, 7), (7, 0, 8), (7, 0, 9), (7, 1, 1), (7, 1, 2), (7, 1, 3), (7, 1, 4), (7, 1, 5), (7, 1, 6), (7, 1, 7), (7, 1, 8), (7, 1, 9), (7, 3, 1), (7, 3, 2), (7, 3, 3), (7, 3, 4), (7, 3, 5), (7, 3, 6), (7, 3, 7), (7, 3, 8), (7, 3, 9)]
Done: False
Running total step #14
Puzzle step # 14
Chosen action: (2, 8, 2)
Reward: -5
Episode reward: 0

Exploration rate (epsilon): 0.495012491941452

State:
[[0 6 4 8 7 1 2 5 9]
 [3 2 5 0 0 9 7 6 1]
 [9 7 1 2 6 0 8 4 0]
 [4 3 6 1 9 2 0 8 7]
 [1 0 8 6 5 7 4 0 2]
 [2 5 7 4 8 3 9 1 6]
 [6 8 9 7 3 4 1 2 0]
 [0 0 3 0 2 8 6 9 4]
 [5 4 2 9 1 6 3 7 8]]
Valid actions: [(1, 4, 4), (2, 5, 5), (2, 8, 3), (3, 6, 5), (4, 1, 9), (4, 7, 3), (6, 8, 5), (7, 0, 7), (7, 1, 1), (7, 3, 5)]
All available actions: [(0, 0, 1), (0, 0, 2), (0, 0, 3), (0, 0, 4), (0, 0, 5), (0, 0, 6), (0, 0, 7), (0, 0, 8), (0, 0, 9), (1, 3, 1), (1, 3, 2), (1, 3, 3), (1, 3, 4), (1, 3, 5), (1, 3, 6), (1, 3, 7), (1, 3, 8), (1, 3, 9), (1, 4, 1), (1, 4, 2), (1, 4, 3), (1, 4, 4), (1, 4, 5), (1, 4, 6), (1, 4, 7), (1, 4, 8), (1, 4, 9), (2, 5, 1), (2, 5, 2), (2, 5, 3), (2, 5, 4), (2, 5, 5), (2, 5, 6), (2, 5, 7), (2, 5, 8), (2, 5, 9), (2, 8, 1), (2, 8, 2), (2, 8, 3), (2, 8, 4), (2, 8, 5), (2, 8, 6), (2, 8, 7), (2, 8, 8), (2, 8, 9), (3, 6, 1), (3, 6, 2), (3, 6, 3), (3, 6, 4), (3, 6, 5), (3, 6, 6), (3, 6, 7), (3, 6, 8), (3, 6, 9), (4, 1, 1), (4, 1, 2), (4, 1, 3), (4, 1, 4), (4, 1, 5), (4, 1, 6), (4, 1, 7), (4, 1, 8), (4, 1, 9), (4, 7, 1), (4, 7, 2), (4, 7, 3), (4, 7, 4), (4, 7, 5), (4, 7, 6), (4, 7, 7), (4, 7, 8), (4, 7, 9), (6, 8, 1), (6, 8, 2), (6, 8, 3), (6, 8, 4), (6, 8, 5), (6, 8, 6), (6, 8, 7), (6, 8, 8), (6, 8, 9), (7, 0, 1), (7, 0, 2), (7, 0, 3), (7, 0, 4), (7, 0, 5), (7, 0, 6), (7, 0, 7), (7, 0, 8), (7, 0, 9), (7, 1, 1), (7, 1, 2), (7, 1, 3), (7, 1, 4), (7, 1, 5), (7, 1, 6), (7, 1, 7), (7, 1, 8), (7, 1, 9), (7, 3, 1), (7, 3, 2), (7, 3, 3), (7, 3, 4), (7, 3, 5), (7, 3, 6), (7, 3, 7), (7, 3, 8), (7, 3, 9)]
Choosing to exploit
Valid move determined.
Done: False
Running total step #15
Puzzle step # 15
Chosen action: (7, 0, 7)
Reward: 10
Episode reward: 10

Exploration rate (epsilon): 0.4925374388694763

State:
[[0 6 4 8 7 1 2 5 9]
 [3 2 5 0 0 9 7 6 1]
 [9 7 1 2 6 0 8 4 0]
 [4 3 6 1 9 2 0 8 7]
 [1 0 8 6 5 7 4 0 2]
 [2 5 7 4 8 3 9 1 6]
 [6 8 9 7 3 4 1 2 0]
 [7 0 3 0 2 8 6 9 4]
 [5 4 2 9 1 6 3 7 8]]
Valid actions: [(1, 4, 4), (2, 5, 5), (2, 8, 3), (3, 6, 5), (4, 1, 9), (4, 7, 3), (6, 8, 5), (7, 1, 1), (7, 3, 5)]
All available actions: [(0, 0, 1), (0, 0, 2), (0, 0, 3), (0, 0, 4), (0, 0, 5), (0, 0, 6), (0, 0, 7), (0, 0, 8), (0, 0, 9), (1, 3, 1), (1, 3, 2), (1, 3, 3), (1, 3, 4), (1, 3, 5), (1, 3, 6), (1, 3, 7), (1, 3, 8), (1, 3, 9), (1, 4, 1), (1, 4, 2), (1, 4, 3), (1, 4, 4), (1, 4, 5), (1, 4, 6), (1, 4, 7), (1, 4, 8), (1, 4, 9), (2, 5, 1), (2, 5, 2), (2, 5, 3), (2, 5, 4), (2, 5, 5), (2, 5, 6), (2, 5, 7), (2, 5, 8), (2, 5, 9), (2, 8, 1), (2, 8, 2), (2, 8, 3), (2, 8, 4), (2, 8, 5), (2, 8, 6), (2, 8, 7), (2, 8, 8), (2, 8, 9), (3, 6, 1), (3, 6, 2), (3, 6, 3), (3, 6, 4), (3, 6, 5), (3, 6, 6), (3, 6, 7), (3, 6, 8), (3, 6, 9), (4, 1, 1), (4, 1, 2), (4, 1, 3), (4, 1, 4), (4, 1, 5), (4, 1, 6), (4, 1, 7), (4, 1, 8), (4, 1, 9), (4, 7, 1), (4, 7, 2), (4, 7, 3), (4, 7, 4), (4, 7, 5), (4, 7, 6), (4, 7, 7), (4, 7, 8), (4, 7, 9), (6, 8, 1), (6, 8, 2), (6, 8, 3), (6, 8, 4), (6, 8, 5), (6, 8, 6), (6, 8, 7), (6, 8, 8), (6, 8, 9), (7, 1, 1), (7, 1, 2), (7, 1, 3), (7, 1, 4), (7, 1, 5), (7, 1, 6), (7, 1, 7), (7, 1, 8), (7, 1, 9), (7, 3, 1), (7, 3, 2), (7, 3, 3), (7, 3, 4), (7, 3, 5), (7, 3, 6), (7, 3, 7), (7, 3, 8), (7, 3, 9)]
Choosing to exploit
Valid move determined.
row_col_box_bonus: 5
Done: False
Running total step #16
Puzzle step # 16
Chosen action: (7, 1, 1)
Reward: 15
Episode reward: 25

Exploration rate (epsilon): 0.4925374388694763

State:
[[0 6 4 8 7 1 2 5 9]
 [3 2 5 0 0 9 7 6 1]
 [9 7 1 2 6 0 8 4 0]
 [4 3 6 1 9 2 0 8 7]
 [1 0 8 6 5 7 4 0 2]
 [2 5 7 4 8 3 9 1 6]
 [6 8 9 7 3 4 1 2 0]
 [7 1 3 0 2 8 6 9 4]
 [5 4 2 9 1 6 3 7 8]]
Valid actions: [(1, 4, 4), (2, 5, 5), (2, 8, 3), (3, 6, 5), (4, 1, 9), (4, 7, 3), (6, 8, 5), (7, 3, 5)]
All available actions: [(0, 0, 1), (0, 0, 2), (0, 0, 3), (0, 0, 4), (0, 0, 5), (0, 0, 6), (0, 0, 7), (0, 0, 8), (0, 0, 9), (1, 3, 1), (1, 3, 2), (1, 3, 3), (1, 3, 4), (1, 3, 5), (1, 3, 6), (1, 3, 7), (1, 3, 8), (1, 3, 9), (1, 4, 1), (1, 4, 2), (1, 4, 3), (1, 4, 4), (1, 4, 5), (1, 4, 6), (1, 4, 7), (1, 4, 8), (1, 4, 9), (2, 5, 1), (2, 5, 2), (2, 5, 3), (2, 5, 4), (2, 5, 5), (2, 5, 6), (2, 5, 7), (2, 5, 8), (2, 5, 9), (2, 8, 1), (2, 8, 2), (2, 8, 3), (2, 8, 4), (2, 8, 5), (2, 8, 6), (2, 8, 7), (2, 8, 8), (2, 8, 9), (3, 6, 1), (3, 6, 2), (3, 6, 3), (3, 6, 4), (3, 6, 5), (3, 6, 6), (3, 6, 7), (3, 6, 8), (3, 6, 9), (4, 1, 1), (4, 1, 2), (4, 1, 3), (4, 1, 4), (4, 1, 5), (4, 1, 6), (4, 1, 7), (4, 1, 8), (4, 1, 9), (4, 7, 1), (4, 7, 2), (4, 7, 3), (4, 7, 4), (4, 7, 5), (4, 7, 6), (4, 7, 7), (4, 7, 8), (4, 7, 9), (6, 8, 1), (6, 8, 2), (6, 8, 3), (6, 8, 4), (6, 8, 5), (6, 8, 6), (6, 8, 7), (6, 8, 8), (6, 8, 9), (7, 3, 1), (7, 3, 2), (7, 3, 3), (7, 3, 4), (7, 3, 5), (7, 3, 6), (7, 3, 7), (7, 3, 8), (7, 3, 9)]
Valid move determined.
row_col_box_bonus: 5
Done: False
Running total step #17
Puzzle step # 17
Chosen action: (2, 5, 5)
Reward: 15
Episode reward: 40

Exploration rate (epsilon): 0.4925374388694763

State:
[[0 6 4 8 7 1 2 5 9]
 [3 2 5 0 0 9 7 6 1]
 [9 7 1 2 6 5 8 4 0]
 [4 3 6 1 9 2 0 8 7]
 [1 0 8 6 5 7 4 0 2]
 [2 5 7 4 8 3 9 1 6]
 [6 8 9 7 3 4 1 2 0]
 [7 1 3 0 2 8 6 9 4]
 [5 4 2 9 1 6 3 7 8]]
Valid actions: [(1, 4, 4), (2, 8, 3), (3, 6, 5), (4, 1, 9), (4, 7, 3), (6, 8, 5), (7, 3, 5)]
All available actions: [(0, 0, 1), (0, 0, 2), (0, 0, 3), (0, 0, 4), (0, 0, 5), (0, 0, 6), (0, 0, 7), (0, 0, 8), (0, 0, 9), (1, 3, 1), (1, 3, 2), (1, 3, 3), (1, 3, 4), (1, 3, 5), (1, 3, 6), (1, 3, 7), (1, 3, 8), (1, 3, 9), (1, 4, 1), (1, 4, 2), (1, 4, 3), (1, 4, 4), (1, 4, 5), (1, 4, 6), (1, 4, 7), (1, 4, 8), (1, 4, 9), (2, 8, 1), (2, 8, 2), (2, 8, 3), (2, 8, 4), (2, 8, 5), (2, 8, 6), (2, 8, 7), (2, 8, 8), (2, 8, 9), (3, 6, 1), (3, 6, 2), (3, 6, 3), (3, 6, 4), (3, 6, 5), (3, 6, 6), (3, 6, 7), (3, 6, 8), (3, 6, 9), (4, 1, 1), (4, 1, 2), (4, 1, 3), (4, 1, 4), (4, 1, 5), (4, 1, 6), (4, 1, 7), (4, 1, 8), (4, 1, 9), (4, 7, 1), (4, 7, 2), (4, 7, 3), (4, 7, 4), (4, 7, 5), (4, 7, 6), (4, 7, 7), (4, 7, 8), (4, 7, 9), (6, 8, 1), (6, 8, 2), (6, 8, 3), (6, 8, 4), (6, 8, 5), (6, 8, 6), (6, 8, 7), (6, 8, 8), (6, 8, 9), (7, 3, 1), (7, 3, 2), (7, 3, 3), (7, 3, 4), (7, 3, 5), (7, 3, 6), (7, 3, 7), (7, 3, 8), (7, 3, 9)]
Done: False
Running total step #18
Puzzle step # 18
Chosen action: (0, 0, 5)
Reward: -5
Episode reward: 35

Exploration rate (epsilon): 0.4925374388694763

State:
[[0 6 4 8 7 1 2 5 9]
 [3 2 5 0 0 9 7 6 1]
 [9 7 1 2 6 5 8 4 0]
 [4 3 6 1 9 2 0 8 7]
 [1 0 8 6 5 7 4 0 2]
 [2 5 7 4 8 3 9 1 6]
 [6 8 9 7 3 4 1 2 0]
 [7 1 3 0 2 8 6 9 4]
 [5 4 2 9 1 6 3 7 8]]
Valid actions: [(1, 4, 4), (2, 8, 3), (3, 6, 5), (4, 1, 9), (4, 7, 3), (6, 8, 5), (7, 3, 5)]
All available actions: [(0, 0, 1), (0, 0, 2), (0, 0, 3), (0, 0, 4), (0, 0, 5), (0, 0, 6), (0, 0, 7), (0, 0, 8), (0, 0, 9), (1, 3, 1), (1, 3, 2), (1, 3, 3), (1, 3, 4), (1, 3, 5), (1, 3, 6), (1, 3, 7), (1, 3, 8), (1, 3, 9), (1, 4, 1), (1, 4, 2), (1, 4, 3), (1, 4, 4), (1, 4, 5), (1, 4, 6), (1, 4, 7), (1, 4, 8), (1, 4, 9), (2, 8, 1), (2, 8, 2), (2, 8, 3), (2, 8, 4), (2, 8, 5), (2, 8, 6), (2, 8, 7), (2, 8, 8), (2, 8, 9), (3, 6, 1), (3, 6, 2), (3, 6, 3), (3, 6, 4), (3, 6, 5), (3, 6, 6), (3, 6, 7), (3, 6, 8), (3, 6, 9), (4, 1, 1), (4, 1, 2), (4, 1, 3), (4, 1, 4), (4, 1, 5), (4, 1, 6), (4, 1, 7), (4, 1, 8), (4, 1, 9), (4, 7, 1), (4, 7, 2), (4, 7, 3), (4, 7, 4), (4, 7, 5), (4, 7, 6), (4, 7, 7), (4, 7, 8), (4, 7, 9), (6, 8, 1), (6, 8, 2), (6, 8, 3), (6, 8, 4), (6, 8, 5), (6, 8, 6), (6, 8, 7), (6, 8, 8), (6, 8, 9), (7, 3, 1), (7, 3, 2), (7, 3, 3), (7, 3, 4), (7, 3, 5), (7, 3, 6), (7, 3, 7), (7, 3, 8), (7, 3, 9)]
Choosing to exploit
Valid move determined.
row_col_box_bonus: 5
Done: False
Running total step #19
Puzzle step # 19
Chosen action: (4, 7, 3)
Reward: 15
Episode reward: 50

Exploration rate (epsilon): 0.4925374388694763

State:
[[0 6 4 8 7 1 2 5 9]
 [3 2 5 0 0 9 7 6 1]
 [9 7 1 2 6 5 8 4 0]
 [4 3 6 1 9 2 0 8 7]
 [1 0 8 6 5 7 4 3 2]
 [2 5 7 4 8 3 9 1 6]
 [6 8 9 7 3 4 1 2 0]
 [7 1 3 0 2 8 6 9 4]
 [5 4 2 9 1 6 3 7 8]]
Valid actions: [(1, 4, 4), (2, 8, 3), (3, 6, 5), (4, 1, 9), (6, 8, 5), (7, 3, 5)]
All available actions: [(0, 0, 1), (0, 0, 2), (0, 0, 3), (0, 0, 4), (0, 0, 5), (0, 0, 6), (0, 0, 7), (0, 0, 8), (0, 0, 9), (1, 3, 1), (1, 3, 2), (1, 3, 3), (1, 3, 4), (1, 3, 5), (1, 3, 6), (1, 3, 7), (1, 3, 8), (1, 3, 9), (1, 4, 1), (1, 4, 2), (1, 4, 3), (1, 4, 4), (1, 4, 5), (1, 4, 6), (1, 4, 7), (1, 4, 8), (1, 4, 9), (2, 8, 1), (2, 8, 2), (2, 8, 3), (2, 8, 4), (2, 8, 5), (2, 8, 6), (2, 8, 7), (2, 8, 8), (2, 8, 9), (3, 6, 1), (3, 6, 2), (3, 6, 3), (3, 6, 4), (3, 6, 5), (3, 6, 6), (3, 6, 7), (3, 6, 8), (3, 6, 9), (4, 1, 1), (4, 1, 2), (4, 1, 3), (4, 1, 4), (4, 1, 5), (4, 1, 6), (4, 1, 7), (4, 1, 8), (4, 1, 9), (6, 8, 1), (6, 8, 2), (6, 8, 3), (6, 8, 4), (6, 8, 5), (6, 8, 6), (6, 8, 7), (6, 8, 8), (6, 8, 9), (7, 3, 1), (7, 3, 2), (7, 3, 3), (7, 3, 4), (7, 3, 5), (7, 3, 6), (7, 3, 7), (7, 3, 8), (7, 3, 9)]
Choosing to exploit
Valid move determined.
row_col_box_bonus: 5
Done: False
Running total step #20
Puzzle step # 20
Chosen action: (2, 8, 3)
Reward: 15
Episode reward: 65

Exploration rate (epsilon): 0.4900747537612915

State:
[[0 6 4 8 7 1 2 5 9]
 [3 2 5 0 0 9 7 6 1]
 [9 7 1 2 6 5 8 4 3]
 [4 3 6 1 9 2 0 8 7]
 [1 0 8 6 5 7 4 3 2]
 [2 5 7 4 8 3 9 1 6]
 [6 8 9 7 3 4 1 2 0]
 [7 1 3 0 2 8 6 9 4]
 [5 4 2 9 1 6 3 7 8]]
Valid actions: [(1, 4, 4), (3, 6, 5), (4, 1, 9), (6, 8, 5), (7, 3, 5)]
All available actions: [(0, 0, 1), (0, 0, 2), (0, 0, 3), (0, 0, 4), (0, 0, 5), (0, 0, 6), (0, 0, 7), (0, 0, 8), (0, 0, 9), (1, 3, 1), (1, 3, 2), (1, 3, 3), (1, 3, 4), (1, 3, 5), (1, 3, 6), (1, 3, 7), (1, 3, 8), (1, 3, 9), (1, 4, 1), (1, 4, 2), (1, 4, 3), (1, 4, 4), (1, 4, 5), (1, 4, 6), (1, 4, 7), (1, 4, 8), (1, 4, 9), (3, 6, 1), (3, 6, 2), (3, 6, 3), (3, 6, 4), (3, 6, 5), (3, 6, 6), (3, 6, 7), (3, 6, 8), (3, 6, 9), (4, 1, 1), (4, 1, 2), (4, 1, 3), (4, 1, 4), (4, 1, 5), (4, 1, 6), (4, 1, 7), (4, 1, 8), (4, 1, 9), (6, 8, 1), (6, 8, 2), (6, 8, 3), (6, 8, 4), (6, 8, 5), (6, 8, 6), (6, 8, 7), (6, 8, 8), (6, 8, 9), (7, 3, 1), (7, 3, 2), (7, 3, 3), (7, 3, 4), (7, 3, 5), (7, 3, 6), (7, 3, 7), (7, 3, 8), (7, 3, 9)]
Choosing to exploit
Valid move determined.
row_col_box_bonus: 5
Done: False
Running total step #21
Puzzle step # 21
Chosen action: (1, 4, 4)
Reward: 15
Episode reward: 80

Exploration rate (epsilon): 0.4900747537612915

State:
[[0 6 4 8 7 1 2 5 9]
 [3 2 5 0 4 9 7 6 1]
 [9 7 1 2 6 5 8 4 3]
 [4 3 6 1 9 2 0 8 7]
 [1 0 8 6 5 7 4 3 2]
 [2 5 7 4 8 3 9 1 6]
 [6 8 9 7 3 4 1 2 0]
 [7 1 3 0 2 8 6 9 4]
 [5 4 2 9 1 6 3 7 8]]
Valid actions: [(3, 6, 5), (4, 1, 9), (6, 8, 5), (7, 3, 5)]
All available actions: [(0, 0, 1), (0, 0, 2), (0, 0, 3), (0, 0, 4), (0, 0, 5), (0, 0, 6), (0, 0, 7), (0, 0, 8), (0, 0, 9), (1, 3, 1), (1, 3, 2), (1, 3, 3), (1, 3, 4), (1, 3, 5), (1, 3, 6), (1, 3, 7), (1, 3, 8), (1, 3, 9), (3, 6, 1), (3, 6, 2), (3, 6, 3), (3, 6, 4), (3, 6, 5), (3, 6, 6), (3, 6, 7), (3, 6, 8), (3, 6, 9), (4, 1, 1), (4, 1, 2), (4, 1, 3), (4, 1, 4), (4, 1, 5), (4, 1, 6), (4, 1, 7), (4, 1, 8), (4, 1, 9), (6, 8, 1), (6, 8, 2), (6, 8, 3), (6, 8, 4), (6, 8, 5), (6, 8, 6), (6, 8, 7), (6, 8, 8), (6, 8, 9), (7, 3, 1), (7, 3, 2), (7, 3, 3), (7, 3, 4), (7, 3, 5), (7, 3, 6), (7, 3, 7), (7, 3, 8), (7, 3, 9)]
Choosing to exploit
Valid move determined.
row_col_box_bonus: 5
Done: False
Running total step #22
Puzzle step # 22
Chosen action: (3, 6, 5)
Reward: 15
Episode reward: 95

Exploration rate (epsilon): 0.4900747537612915

State:
[[0 6 4 8 7 1 2 5 9]
 [3 2 5 0 4 9 7 6 1]
 [9 7 1 2 6 5 8 4 3]
 [4 3 6 1 9 2 5 8 7]
 [1 0 8 6 5 7 4 3 2]
 [2 5 7 4 8 3 9 1 6]
 [6 8 9 7 3 4 1 2 0]
 [7 1 3 0 2 8 6 9 4]
 [5 4 2 9 1 6 3 7 8]]
Valid actions: [(4, 1, 9), (6, 8, 5), (7, 3, 5)]
All available actions: [(0, 0, 1), (0, 0, 2), (0, 0, 3), (0, 0, 4), (0, 0, 5), (0, 0, 6), (0, 0, 7), (0, 0, 8), (0, 0, 9), (1, 3, 1), (1, 3, 2), (1, 3, 3), (1, 3, 4), (1, 3, 5), (1, 3, 6), (1, 3, 7), (1, 3, 8), (1, 3, 9), (4, 1, 1), (4, 1, 2), (4, 1, 3), (4, 1, 4), (4, 1, 5), (4, 1, 6), (4, 1, 7), (4, 1, 8), (4, 1, 9), (6, 8, 1), (6, 8, 2), (6, 8, 3), (6, 8, 4), (6, 8, 5), (6, 8, 6), (6, 8, 7), (6, 8, 8), (6, 8, 9), (7, 3, 1), (7, 3, 2), (7, 3, 3), (7, 3, 4), (7, 3, 5), (7, 3, 6), (7, 3, 7), (7, 3, 8), (7, 3, 9)]
Done: False
Running total step #23
Puzzle step # 23
Chosen action: (4, 1, 5)
Reward: -5
Episode reward: 90

Exploration rate (epsilon): 0.4900747537612915

State:
[[0 6 4 8 7 1 2 5 9]
 [3 2 5 0 4 9 7 6 1]
 [9 7 1 2 6 5 8 4 3]
 [4 3 6 1 9 2 5 8 7]
 [1 0 8 6 5 7 4 3 2]
 [2 5 7 4 8 3 9 1 6]
 [6 8 9 7 3 4 1 2 0]
 [7 1 3 0 2 8 6 9 4]
 [5 4 2 9 1 6 3 7 8]]
Valid actions: [(4, 1, 9), (6, 8, 5), (7, 3, 5)]
All available actions: [(0, 0, 1), (0, 0, 2), (0, 0, 3), (0, 0, 4), (0, 0, 5), (0, 0, 6), (0, 0, 7), (0, 0, 8), (0, 0, 9), (1, 3, 1), (1, 3, 2), (1, 3, 3), (1, 3, 4), (1, 3, 5), (1, 3, 6), (1, 3, 7), (1, 3, 8), (1, 3, 9), (4, 1, 1), (4, 1, 2), (4, 1, 3), (4, 1, 4), (4, 1, 5), (4, 1, 6), (4, 1, 7), (4, 1, 8), (4, 1, 9), (6, 8, 1), (6, 8, 2), (6, 8, 3), (6, 8, 4), (6, 8, 5), (6, 8, 6), (6, 8, 7), (6, 8, 8), (6, 8, 9), (7, 3, 1), (7, 3, 2), (7, 3, 3), (7, 3, 4), (7, 3, 5), (7, 3, 6), (7, 3, 7), (7, 3, 8), (7, 3, 9)]
Choosing to exploit
Valid move determined.
row_col_box_bonus: 5
Done: False
Running total step #24
Puzzle step # 24
Chosen action: (6, 8, 5)
Reward: 15
Episode reward: 105

Exploration rate (epsilon): 0.4900747537612915

State:
[[0 6 4 8 7 1 2 5 9]
 [3 2 5 0 4 9 7 6 1]
 [9 7 1 2 6 5 8 4 3]
 [4 3 6 1 9 2 5 8 7]
 [1 0 8 6 5 7 4 3 2]
 [2 5 7 4 8 3 9 1 6]
 [6 8 9 7 3 4 1 2 5]
 [7 1 3 0 2 8 6 9 4]
 [5 4 2 9 1 6 3 7 8]]
Valid actions: [(4, 1, 9), (7, 3, 5)]
All available actions: [(0, 0, 1), (0, 0, 2), (0, 0, 3), (0, 0, 4), (0, 0, 5), (0, 0, 6), (0, 0, 7), (0, 0, 8), (0, 0, 9), (1, 3, 1), (1, 3, 2), (1, 3, 3), (1, 3, 4), (1, 3, 5), (1, 3, 6), (1, 3, 7), (1, 3, 8), (1, 3, 9), (4, 1, 1), (4, 1, 2), (4, 1, 3), (4, 1, 4), (4, 1, 5), (4, 1, 6), (4, 1, 7), (4, 1, 8), (4, 1, 9), (7, 3, 1), (7, 3, 2), (7, 3, 3), (7, 3, 4), (7, 3, 5), (7, 3, 6), (7, 3, 7), (7, 3, 8), (7, 3, 9)]
Choosing to exploit
Valid move determined.
row_col_box_bonus: 5
Done: False
Running total step #25
Puzzle step # 25
Chosen action: (7, 3, 5)
Reward: 15
Episode reward: 120

Exploration rate (epsilon): 0.4876243770122528

State:
[[0 6 4 8 7 1 2 5 9]
 [3 2 5 0 4 9 7 6 1]
 [9 7 1 2 6 5 8 4 3]
 [4 3 6 1 9 2 5 8 7]
 [1 0 8 6 5 7 4 3 2]
 [2 5 7 4 8 3 9 1 6]
 [6 8 9 7 3 4 1 2 5]
 [7 1 3 5 2 8 6 9 4]
 [5 4 2 9 1 6 3 7 8]]
Valid actions: [(4, 1, 9)]
All available actions: [(0, 0, 1), (0, 0, 2), (0, 0, 3), (0, 0, 4), (0, 0, 5), (0, 0, 6), (0, 0, 7), (0, 0, 8), (0, 0, 9), (1, 3, 1), (1, 3, 2), (1, 3, 3), (1, 3, 4), (1, 3, 5), (1, 3, 6), (1, 3, 7), (1, 3, 8), (1, 3, 9), (4, 1, 1), (4, 1, 2), (4, 1, 3), (4, 1, 4), (4, 1, 5), (4, 1, 6), (4, 1, 7), (4, 1, 8), (4, 1, 9)]
Choosing to exploit
Valid move determined.
row_col_box_bonus: 5
Done: False
Running total step #26
Puzzle step # 26
Chosen action: (4, 1, 9)
Reward: 15
Episode reward: 135

Exploration rate (epsilon): 0.4876243770122528

State:
[[0 6 4 8 7 1 2 5 9]
 [3 2 5 0 4 9 7 6 1]
 [9 7 1 2 6 5 8 4 3]
 [4 3 6 1 9 2 5 8 7]
 [1 9 8 6 5 7 4 3 2]
 [2 5 7 4 8 3 9 1 6]
 [6 8 9 7 3 4 1 2 5]
 [7 1 3 5 2 8 6 9 4]
 [5 4 2 9 1 6 3 7 8]]
Valid actions: []
All available actions: [(0, 0, 1), (0, 0, 2), (0, 0, 3), (0, 0, 4), (0, 0, 5), (0, 0, 6), (0, 0, 7), (0, 0, 8), (0, 0, 9), (1, 3, 1), (1, 3, 2), (1, 3, 3), (1, 3, 4), (1, 3, 5), (1, 3, 6), (1, 3, 7), (1, 3, 8), (1, 3, 9)]
Board: tf.Tensor(
[[3 4 6 1 7 9 2 5 8]
 [1 8 7 5 2 3 0 6 4]
 [5 2 9 0 4 8 0 7 1]
 [9 6 5 8 0 2 0 1 7]
 [4 7 2 0 1 6 8 3 5]
 [8 1 3 0 5 4 6 2 0]
 [7 9 8 2 6 1 5 4 0]
 [6 3 1 4 0 0 0 0 0]
 [0 5 0 3 9 7 1 8 6]], shape=(9, 9), dtype=int32)

Puzzle # 2
State:
[[3 4 6 1 7 9 2 5 8]
 [1 8 7 5 2 3 0 6 4]
 [5 2 9 0 4 8 0 7 1]
 [9 6 5 8 0 2 0 1 7]
 [4 7 2 0 1 6 8 3 5]
 [8 1 3 0 5 4 6 2 0]
 [7 9 8 2 6 1 5 4 0]
 [6 3 1 4 0 0 0 0 0]
 [0 5 0 3 9 7 1 8 6]]
Valid actions: [(1, 6, 9), (2, 3, 6), (2, 6, 3), (3, 4, 3), (3, 6, 4), (4, 3, 9), (5, 3, 7), (5, 3, 9), (5, 8, 9), (6, 8, 3), (7, 4, 8), (7, 5, 5), (7, 6, 7), (7, 6, 9), (7, 7, 9), (7, 8, 2), (7, 8, 9), (8, 0, 2), (8, 2, 4)]
All available actions: [(1, 6, 1), (1, 6, 2), (1, 6, 3), (1, 6, 4), (1, 6, 5), (1, 6, 6), (1, 6, 7), (1, 6, 8), (1, 6, 9), (2, 3, 1), (2, 3, 2), (2, 3, 3), (2, 3, 4), (2, 3, 5), (2, 3, 6), (2, 3, 7), (2, 3, 8), (2, 3, 9), (2, 6, 1), (2, 6, 2), (2, 6, 3), (2, 6, 4), (2, 6, 5), (2, 6, 6), (2, 6, 7), (2, 6, 8), (2, 6, 9), (3, 4, 1), (3, 4, 2), (3, 4, 3), (3, 4, 4), (3, 4, 5), (3, 4, 6), (3, 4, 7), (3, 4, 8), (3, 4, 9), (3, 6, 1), (3, 6, 2), (3, 6, 3), (3, 6, 4), (3, 6, 5), (3, 6, 6), (3, 6, 7), (3, 6, 8), (3, 6, 9), (4, 3, 1), (4, 3, 2), (4, 3, 3), (4, 3, 4), (4, 3, 5), (4, 3, 6), (4, 3, 7), (4, 3, 8), (4, 3, 9), (5, 3, 1), (5, 3, 2), (5, 3, 3), (5, 3, 4), (5, 3, 5), (5, 3, 6), (5, 3, 7), (5, 3, 8), (5, 3, 9), (5, 8, 1), (5, 8, 2), (5, 8, 3), (5, 8, 4), (5, 8, 5), (5, 8, 6), (5, 8, 7), (5, 8, 8), (5, 8, 9), (6, 8, 1), (6, 8, 2), (6, 8, 3), (6, 8, 4), (6, 8, 5), (6, 8, 6), (6, 8, 7), (6, 8, 8), (6, 8, 9), (7, 4, 1), (7, 4, 2), (7, 4, 3), (7, 4, 4), (7, 4, 5), (7, 4, 6), (7, 4, 7), (7, 4, 8), (7, 4, 9), (7, 5, 1), (7, 5, 2), (7, 5, 3), (7, 5, 4), (7, 5, 5), (7, 5, 6), (7, 5, 7), (7, 5, 8), (7, 5, 9), (7, 6, 1), (7, 6, 2), (7, 6, 3), (7, 6, 4), (7, 6, 5), (7, 6, 6), (7, 6, 7), (7, 6, 8), (7, 6, 9), (7, 7, 1), (7, 7, 2), (7, 7, 3), (7, 7, 4), (7, 7, 5), (7, 7, 6), (7, 7, 7), (7, 7, 8), (7, 7, 9), (7, 8, 1), (7, 8, 2), (7, 8, 3), (7, 8, 4), (7, 8, 5), (7, 8, 6), (7, 8, 7), (7, 8, 8), (7, 8, 9), (8, 0, 1), (8, 0, 2), (8, 0, 3), (8, 0, 4), (8, 0, 5), (8, 0, 6), (8, 0, 7), (8, 0, 8), (8, 0, 9), (8, 2, 1), (8, 2, 2), (8, 2, 3), (8, 2, 4), (8, 2, 5), (8, 2, 6), (8, 2, 7), (8, 2, 8), (8, 2, 9)]
Done: False
Running total step #27
Puzzle step # 0
Chosen action: (7, 7, 2)
Reward: -5
Episode reward: -5

Exploration rate (epsilon): 0.4876243770122528

State:
[[3 4 6 1 7 9 2 5 8]
 [1 8 7 5 2 3 0 6 4]
 [5 2 9 0 4 8 0 7 1]
 [9 6 5 8 0 2 0 1 7]
 [4 7 2 0 1 6 8 3 5]
 [8 1 3 0 5 4 6 2 0]
 [7 9 8 2 6 1 5 4 0]
 [6 3 1 4 0 0 0 0 0]
 [0 5 0 3 9 7 1 8 6]]
Valid actions: [(1, 6, 9), (2, 3, 6), (2, 6, 3), (3, 4, 3), (3, 6, 4), (4, 3, 9), (5, 3, 7), (5, 3, 9), (5, 8, 9), (6, 8, 3), (7, 4, 8), (7, 5, 5), (7, 6, 7), (7, 6, 9), (7, 7, 9), (7, 8, 2), (7, 8, 9), (8, 0, 2), (8, 2, 4)]
All available actions: [(1, 6, 1), (1, 6, 2), (1, 6, 3), (1, 6, 4), (1, 6, 5), (1, 6, 6), (1, 6, 7), (1, 6, 8), (1, 6, 9), (2, 3, 1), (2, 3, 2), (2, 3, 3), (2, 3, 4), (2, 3, 5), (2, 3, 6), (2, 3, 7), (2, 3, 8), (2, 3, 9), (2, 6, 1), (2, 6, 2), (2, 6, 3), (2, 6, 4), (2, 6, 5), (2, 6, 6), (2, 6, 7), (2, 6, 8), (2, 6, 9), (3, 4, 1), (3, 4, 2), (3, 4, 3), (3, 4, 4), (3, 4, 5), (3, 4, 6), (3, 4, 7), (3, 4, 8), (3, 4, 9), (3, 6, 1), (3, 6, 2), (3, 6, 3), (3, 6, 4), (3, 6, 5), (3, 6, 6), (3, 6, 7), (3, 6, 8), (3, 6, 9), (4, 3, 1), (4, 3, 2), (4, 3, 3), (4, 3, 4), (4, 3, 5), (4, 3, 6), (4, 3, 7), (4, 3, 8), (4, 3, 9), (5, 3, 1), (5, 3, 2), (5, 3, 3), (5, 3, 4), (5, 3, 5), (5, 3, 6), (5, 3, 7), (5, 3, 8), (5, 3, 9), (5, 8, 1), (5, 8, 2), (5, 8, 3), (5, 8, 4), (5, 8, 5), (5, 8, 6), (5, 8, 7), (5, 8, 8), (5, 8, 9), (6, 8, 1), (6, 8, 2), (6, 8, 3), (6, 8, 4), (6, 8, 5), (6, 8, 6), (6, 8, 7), (6, 8, 8), (6, 8, 9), (7, 4, 1), (7, 4, 2), (7, 4, 3), (7, 4, 4), (7, 4, 5), (7, 4, 6), (7, 4, 7), (7, 4, 8), (7, 4, 9), (7, 5, 1), (7, 5, 2), (7, 5, 3), (7, 5, 4), (7, 5, 5), (7, 5, 6), (7, 5, 7), (7, 5, 8), (7, 5, 9), (7, 6, 1), (7, 6, 2), (7, 6, 3), (7, 6, 4), (7, 6, 5), (7, 6, 6), (7, 6, 7), (7, 6, 8), (7, 6, 9), (7, 7, 1), (7, 7, 2), (7, 7, 3), (7, 7, 4), (7, 7, 5), (7, 7, 6), (7, 7, 7), (7, 7, 8), (7, 7, 9), (7, 8, 1), (7, 8, 2), (7, 8, 3), (7, 8, 4), (7, 8, 5), (7, 8, 6), (7, 8, 7), (7, 8, 8), (7, 8, 9), (8, 0, 1), (8, 0, 2), (8, 0, 3), (8, 0, 4), (8, 0, 5), (8, 0, 6), (8, 0, 7), (8, 0, 8), (8, 0, 9), (8, 2, 1), (8, 2, 2), (8, 2, 3), (8, 2, 4), (8, 2, 5), (8, 2, 6), (8, 2, 7), (8, 2, 8), (8, 2, 9)]
Done: False
Running total step #28
Puzzle step # 1
Chosen action: (6, 8, 2)
Reward: -5
Episode reward: -10

Exploration rate (epsilon): 0.4876243770122528

State:
[[3 4 6 1 7 9 2 5 8]
 [1 8 7 5 2 3 0 6 4]
 [5 2 9 0 4 8 0 7 1]
 [9 6 5 8 0 2 0 1 7]
 [4 7 2 0 1 6 8 3 5]
 [8 1 3 0 5 4 6 2 0]
 [7 9 8 2 6 1 5 4 0]
 [6 3 1 4 0 0 0 0 0]
 [0 5 0 3 9 7 1 8 6]]
Valid actions: [(1, 6, 9), (2, 3, 6), (2, 6, 3), (3, 4, 3), (3, 6, 4), (4, 3, 9), (5, 3, 7), (5, 3, 9), (5, 8, 9), (6, 8, 3), (7, 4, 8), (7, 5, 5), (7, 6, 7), (7, 6, 9), (7, 7, 9), (7, 8, 2), (7, 8, 9), (8, 0, 2), (8, 2, 4)]
All available actions: [(1, 6, 1), (1, 6, 2), (1, 6, 3), (1, 6, 4), (1, 6, 5), (1, 6, 6), (1, 6, 7), (1, 6, 8), (1, 6, 9), (2, 3, 1), (2, 3, 2), (2, 3, 3), (2, 3, 4), (2, 3, 5), (2, 3, 6), (2, 3, 7), (2, 3, 8), (2, 3, 9), (2, 6, 1), (2, 6, 2), (2, 6, 3), (2, 6, 4), (2, 6, 5), (2, 6, 6), (2, 6, 7), (2, 6, 8), (2, 6, 9), (3, 4, 1), (3, 4, 2), (3, 4, 3), (3, 4, 4), (3, 4, 5), (3, 4, 6), (3, 4, 7), (3, 4, 8), (3, 4, 9), (3, 6, 1), (3, 6, 2), (3, 6, 3), (3, 6, 4), (3, 6, 5), (3, 6, 6), (3, 6, 7), (3, 6, 8), (3, 6, 9), (4, 3, 1), (4, 3, 2), (4, 3, 3), (4, 3, 4), (4, 3, 5), (4, 3, 6), (4, 3, 7), (4, 3, 8), (4, 3, 9), (5, 3, 1), (5, 3, 2), (5, 3, 3), (5, 3, 4), (5, 3, 5), (5, 3, 6), (5, 3, 7), (5, 3, 8), (5, 3, 9), (5, 8, 1), (5, 8, 2), (5, 8, 3), (5, 8, 4), (5, 8, 5), (5, 8, 6), (5, 8, 7), (5, 8, 8), (5, 8, 9), (6, 8, 1), (6, 8, 2), (6, 8, 3), (6, 8, 4), (6, 8, 5), (6, 8, 6), (6, 8, 7), (6, 8, 8), (6, 8, 9), (7, 4, 1), (7, 4, 2), (7, 4, 3), (7, 4, 4), (7, 4, 5), (7, 4, 6), (7, 4, 7), (7, 4, 8), (7, 4, 9), (7, 5, 1), (7, 5, 2), (7, 5, 3), (7, 5, 4), (7, 5, 5), (7, 5, 6), (7, 5, 7), (7, 5, 8), (7, 5, 9), (7, 6, 1), (7, 6, 2), (7, 6, 3), (7, 6, 4), (7, 6, 5), (7, 6, 6), (7, 6, 7), (7, 6, 8), (7, 6, 9), (7, 7, 1), (7, 7, 2), (7, 7, 3), (7, 7, 4), (7, 7, 5), (7, 7, 6), (7, 7, 7), (7, 7, 8), (7, 7, 9), (7, 8, 1), (7, 8, 2), (7, 8, 3), (7, 8, 4), (7, 8, 5), (7, 8, 6), (7, 8, 7), (7, 8, 8), (7, 8, 9), (8, 0, 1), (8, 0, 2), (8, 0, 3), (8, 0, 4), (8, 0, 5), (8, 0, 6), (8, 0, 7), (8, 0, 8), (8, 0, 9), (8, 2, 1), (8, 2, 2), (8, 2, 3), (8, 2, 4), (8, 2, 5), (8, 2, 6), (8, 2, 7), (8, 2, 8), (8, 2, 9)]
Choosing to exploit
Valid move determined.
Done: False
Running total step #29
Puzzle step # 2
Chosen action: (7, 4, 8)
Reward: 10
Episode reward: 0

Exploration rate (epsilon): 0.4876243770122528

